Model 0 is done!
[0.0046596638655462177, 0.027500000000000004]
[1, 0, 1, 0]
Model 1 is done!
[0.0, 0.0031790123456790125, 0.017142857142857144]
[0, 2, 1, 0, 2, 1]
Model 2 is done!
[0.0045044247787610616, 0.025700000000000001]
[1, 0, 1, 0]
Model 3 is done!
[0.0038793103448275862, 0.032500000000000001]
[1, 0, 1, 0]
Model 4 is done!
[0.004145669291338582, 0.018666666666666668]
[1, 0, 1, 0]
Model 5 is done!
[0.0047814814814814812, 0.024499999999999997]
[1, 0, 1, 0]
Model 6 is done!
[0.027400000000000001, 0.0053918918918918922]
[0, 1, 0, 1]
Model 7 is done!
[0.0048173913043478263, 0.022499999999999999]
[1, 0, 1, 0]
Model 8 is done!
[0.0, 0.010666666666666666, 0.0062972972972972947]
[0, 1, 2, 0, 1, 2]
Model 9 is done!
[0.0084680851063829807, 0.031333333333333331]
[1, 0, 1, 0]
Model 10 is done!
[0.0065503355704697981, 0.0]
[1, 0, 1, 0]
Model 11 is done!
[0.082216867469879509, 0.062186390532544371]
[0, 1, 0, 1]
Model 12 is done!
[0.019642857142857146, 0.00063750000000000005, 0.00062500000000000001, 0.0]
[3, 0, 1, 3, 0, 2]
Model 13 is done!
[0.0039279279279279284, 0.028000000000000004]
[1, 0, 1, 0]
Model 14 is done!
[0.023666666666666666, 0.0053458646616541356]
[0, 1, 0, 1]
Model 15 is done!
[0.024399999999999998, 0.0039476190476190479]
[0, 1, 0, 1]
Model 16 is done!
[0.0, 0.0022394366197183101, 0.0016197183098591553, 0.0033076923076923084]
[0, 3, 1, 2, 0, 3, 1, 2]
Model 17 is done!
[0.0088553719008264472, 0.028999999999999998]
[1, 0, 1, 0]
Model 18 is done!
[0.0052876106194690272, 0.025000000000000001]
[1, 0, 1, 0]
Model 19 is done!
[0.06298830409356726, 0.11381182795698926]
[1, 0, 1, 0]
Model 20 is done!
[0.062355491329479769, 0.10680898876404496]
[1, 0, 1, 0]
Model 21 is done!
[0.0, 0.017214285714285713, 0.0031588235294117647]
[0, 1, 2, 0, 1, 2]
Model 22 is done!
[0.0077720000000000011, 0.030800000000000001]
[1, 0, 1, 0]
Model 23 is done!
[0.0039108527131782953, 0.018166666666666668]
[1, 0, 1, 0]
Model 24 is done!
[0.0037035398230088499, 0.024799999999999999]
[1, 0, 1, 0]
Model 25 is done!
[0.0045088495575221245, 0.025399999999999999]
[1, 0, 1, 0]
Model 26 is done!
[0.004654320987654322, 0.031833333333333338]
[1, 0, 1, 0]
Model 27 is done!
[0.027200000000000002, 0.0054819819819819822]
[0, 1, 0, 1]
Model 28 is done!
[0.026000000000000002, 0.0045540540540540547]
[0, 1, 0, 1]
Model 29 is done!
[0.025000000000000001, 0.0053162393162393155]
[0, 1, 0, 1]
Model 30 is done!
[0.0, 0.0043103448275862068]
[0, 1, 0, 1]
Model 31 is done!
[0.019666666666666666, 0.0045433070866141732]
[0, 1, 0, 1]
Model 32 is done!
[0.023599999999999999, 0.0047522123893805309]
[0, 1, 0, 1]
Model 33 is done!
[0.0051052631578947369, 0.023333333333333334]
[1, 0, 1, 0]
Model 34 is done!
[0.024199999999999999, 0.0046173913043478258]
[0, 1, 0, 1]
Model 35 is done!
[0.0016590909090909093, 0.0017045454545454549, 0.0016515151515151517, 0.024799999999999999, 0.0015757575757575758]
[3, 4, 1, 3, 2, 0]
Model 36 is done!
[0.0052372262773722634, 0.028666666666666663]
[1, 0, 1, 0]
Model 37 is done!
[0.017714285714285714, 0.0063066666666666662, 0.0]
[2, 0, 1, 2, 0, 1]
Model 38 is done!
[0.026100000000000002, 0.0086709401709401702]
[0, 1, 0, 1]
Model 39 is done!
[0.0074086956521739146, 0.023099999999999999]
[1, 0, 1, 0]
Model 40 is done!
[0.021333333333333333, 0.0045236220472440938]
[0, 1, 0, 1]
Model 41 is done!
[0.081282352941176472, 0.063655688622754489]
[0, 1, 0, 1]
Model 42 is done!
[0.0072244094488188972, 0.027999999999999997]
[1, 0, 1, 0]
Model 43 is done!
[0.0068370370370370373, 0.026666666666666668]
[1, 0, 1, 0]
Model 44 is done!
[0.026200000000000001, 0.0051327433628318587]
[0, 1, 0, 1]
Model 45 is done!
[0.028357142857142859, 0.0031473684210526322]
[0, 1, 0, 1]
Model 46 is done!
[0.0032644628099173559, 0.028800000000000003]
[1, 0, 1, 0]
Model 47 is done!
[0.027357142857142858, 0.0017530120481927714]
[0, 1, 0, 1]
Model 48 is done!
[0.023099999999999999, 0.0065884955752212385]
[0, 1, 0, 1]
Model 49 is done!
[0.027000000000000003, 0.0050495495495495478]
[0, 1, 0, 1]
Model 50 is done!
[0.004091304347826087, 0.023599999999999999]
[1, 0, 1, 0]
